AM1.5	
Isc	
	Cumulative Variance Ratio	Explained Variance Ratio
0	0.432993	0.432993
1	0.682993	0.250000
2	0.932993	0.250000
3	1.000000	0.067007

	PCA Component 0	PCA Component 1	PCA Component 2	PCA Component 3
N_B	0.696217	-0.000000	1.748239e-01	-0.696217
T	-0.123347	0.066311	9.824326e-01	0.123347
d	0.008197	0.997799	-6.528934e-02	-0.008197
Jsc_e	-0.707107	-0.000000	2.764455e-14	-0.707107


IscEta
	Cumulative Variance Ratio	Explained Variance Ratio
0	0.523946	0.523946
1	0.723949	0.200003
2	0.923949	0.200000
3	0.998731	0.074782
4	1.000000	0.001269

	PCA Component 0	PCA Component 1	PCA Component 2	PCA Component 3	PCA Component 4
N_B	0.520678	0.170783	1.006800e-02	-0.834662	0.054455
T	-0.090272	0.985271	-9.622827e-03	0.144299	-0.013349
d	0.006111	-0.007762	-9.999030e-01	-0.009793	0.000677
Jsc_e	-0.604147	0.002662	-2.972440e-13	-0.328981	0.725790
Eta_e	-0.596419	-0.002809	3.132555e-13	-0.417364	-0.685627


IscEtaVoc
	Cumulative Variance Ratio	Explained Variance Ratio
0	0.443952	0.443952
1	0.631721	0.187769
2	0.798388	0.166667
3	0.963027	0.164639
4	0.999170	0.036143
5	1.000000	0.000830

	PCA Component 0	PCA Component 1	PCA Component 2	PCA Component 3	PCA Component 4	PCA Component 5
N_B	0.492444	-0.456127	0.020747	0.018110	-0.740447	-0.020651
T	-0.089816	-0.226261	0.052187	0.962822	0.104391	0.009581
d	0.005549	-0.021275	-0.998422	0.050713	-0.009934	-0.000171
Jsc_e	-0.602633	-0.021028	0.000166	-0.014179	-0.368448	-0.707415
Eta_e	-0.599721	-0.087137	-0.000179	-0.043754	-0.365910	0.704938
Voc_e	-0.163000	-0.855726	-0.000021	-0.260689	0.413639	-0.045921


All
	Cumulative Variance Ratio	Explained Variance Ratio
0	0.432921	0.432921
1	0.658831	0.225910
2	0.801688	0.142857
3	0.943565	0.141876
4	0.986481	0.042917
5	0.999982	0.013500
6	1.000000	0.000018

	PCA Component 0	PCA Component 1	PCA Component 2	PCA Component 3	PCA Component 4	PCA Component 5	PCA Component 6
N_B	0.497346	-0.136122	0.018259	0.116062	-0.822637	-0.208130	0.016235
T	-0.072496	-0.094381	0.041958	0.985757	0.098917	0.050605	-0.003819
d	0.006140	-0.006009	-0.998951	0.043610	-0.010540	-0.003050	0.000064
Jsc_e	-0.541474	-0.227388	0.000405	-0.018617	-0.158395	-0.480199	0.631722
Eta_e	-0.533715	-0.267645	0.000015	-0.033685	-0.256966	-0.161301	-0.741842
Voc_e	0.001931	-0.777433	-0.001194	-0.101029	-0.032409	0.597595	0.164973
FF_e	-0.411465	0.494758	-0.000788	0.034976	-0.470321	0.583423	0.151996

--------------------------------------------------------------------------------
940 nm
Isc	
	Cumulative Variance Ratio	Explained Variance Ratio
0	0.427996	0.427996
1	0.677996	0.250000
2	0.927996	0.250000
3	1.000000	0.072004

	PCA Component 0	PCA Component 1	PCA Component 2	PCA Component 3
N_B	0.696190	-0.000000e+00	1.750385e-01	-0.696190
T	-0.123762	1.212217e-02	9.844892e-01	0.123762
d	0.001500	9.999265e-01	-1.193502e-02	-0.001500
Jsc_e	-0.707107	3.469447e-18	8.215650e-15	-0.707107


IscEta
   Cumulative Variance Ratio	Explained Variance Ratio
0	0.524617	0.524617
1	0.724636	0.200019
2	0.924636	0.200000
3	0.999741	0.075104
4	1.000000	0.000259

  PCA Component 0	PCA Component 1	PCA Component 2	PCA Component 3	PCA Component 4
N_B	0.519852	0.165392	3.386324e-04	-0.838092	-0.001463
T	-0.087179	0.986081	1.402676e-02	0.140544	-0.009752
d	0.001047	-0.013889	9.999016e-01	-0.001688	0.000137
Jsc_e	-0.600908	0.006972	1.339883e-13	-0.372590	0.707133
Eta_e	-0.600885	-0.006973	-1.335720e-13	-0.372859	-0.707012


IscEtaVoc
	Cumulative Variance Ratio	Explained Variance Ratio
0	0.590210	0.590210
1	0.757482	0.167272
2	0.924148	0.166667
3	0.986929	0.062780
4	0.999869	0.012940
5	1.000000	0.000131

	PCA Component 0	PCA Component 1	PCA Component 2	PCA Component 3	PCA Component 4	PCA Component 5
N_B	0.444828	0.139350	0.001126	-0.855860	0.223430	0.017048
T	-0.059936	0.988028	0.018703	0.137447	0.030103	-0.007767
d	0.000620	-0.018639	0.999824	-0.001609	-0.000819	0.000079
Jsc_e	-0.515404	0.034532	0.000029	-0.349817	-0.387205	0.678872
Eta_e	-0.517083	0.020112	-0.000037	-0.351434	-0.273513	-0.730689
Voc_e	-0.515286	-0.049371	0.000006	-0.052267	0.851137	0.069830


All
Cumulative Variance Ratio	Explained Variance Ratio
0	0.632410	0.632410
1	0.776497	0.144088
2	0.919356	0.142858
3	0.975866	0.056510
4	0.995347	0.019481
5	0.999914	0.004567
6	1.000000	0.000086

PCA Component 0	PCA Component 1	PCA Component 2	PCA Component 3	PCA Component 4	PCA Component 5	PCA Component 6
N_B	0.404336	-0.125386	-0.004458	-0.758798	-0.487581	0.080059	0.029194
T	-0.044790	-0.986339	-0.018285	0.154475	-0.026364	-0.013073	-0.008105
d	0.001039	-0.018589	0.999818	-0.000214	-0.002640	0.003095	0.000322
Jsc_e	-0.453085	-0.061970	-0.000512	-0.417908	0.355949	0.148812	0.683653
Eta_e	-0.455954	-0.046887	-0.000057	-0.412409	0.258013	0.157032	-0.727047
Voc_e	-0.464554	0.029415	0.002393	-0.079630	-0.396663	-0.786807	0.023903
FF_e	-0.453337	0.064527	-0.001762	0.222023	-0.641055	0.572312	0.050316