material name : n_Si
v_th_n :	 2.033e+07	 2.033e+07	 1.000e+01	 1.000e+01	 1.000e+01	 2.033e+07	 2.033e+07	 0	 0	[cm/s]
v_th_p :	 1.680e+07	 1.680e+07	 1.000e+01	 1.000e+01	 1.000e+01	 1.680e+07	 1.680e+07	 0	 0	[cm/s]
eps :	    11.900000	    11.900000	    1.000000	    10.000000	    10.000000	    11.900000	    11.900000	 0	 0	[-]
chi :	  4.050000	  4.050000	  0.100000	  1.000000	  1.000000	  4.050000	  4.050000	 0	 0	[eV]
Eg :	  1.053529	  1.053529	  0.100000	  1.000000	  1.000000	  1.053529	  1.053529	 0	 0	[eV]
Nc :	 2.874263e+19	 2.874263e+19	 1.000000e+01	 1.000000e+01	 1.000000e+01	 2.874263e+19	 2.874263e+19	 0	 0	[/cm^3]
Nv :	 2.588053e+19	 2.588053e+19	 1.000000e+01	 1.000000e+01	 1.000000e+01	 2.588053e+19	 2.588053e+19	 0	 0	[/cm^3]
mu_n :	 1.129676e+02	 1.129676e+02	 1.000000e-03	 1.000000e+00	 1.000000e+00	 1.129676e+02	 1.129676e+02	 0	 0	[cm^2/Vs]
mu_p :	 1.138463e+02	 1.138463e+02	 1.000000e-03	 1.000000e+00	 1.000000e+00	 1.138463e+02	 1.138463e+02	 0	 0	[cm^2/Vs]
Nd(uniform) :	 1.000000e+19	 1.000000e+19	 1.000000e+01	 1.000000e+01	 1.000000e+01	 1.000000e+19	 1.000000e+19	 0	 2	[/cm^3]
Na(uniform) :	 0.000000e+00	 0.000000e+00	 1.000000e+01	 1.000000e+01	 1.000000e+01	 0.000000e+00	 0.000000e+00	 0	 2	[/cm^3]
Tunneling in layer: 1 (0: no tunneling, 1: with tunneling)
Relative electron mass :	 3.610476e-01	 3.610476e-01	 1.000000e+00	 1.000000e+00	 1.000000e+00	 3.610476e-01	 3.610476e-01	 0	 0	[-]
Relative hole mass :	 8.183414e-01	 8.183414e-01	 1.000000e+00	 1.000000e+00	 1.000000e+00	 8.183414e-01	 8.183414e-01	 0	 0	[-]
K_rad :	 4.563194e-15	 4.563194e-15	 1.000000e+01	 1.000000e+01	 1.000000e+01	 4.563194e-15	 4.563194e-15	 0	 0	[cm^3/s]
c_n_auger :	 2.801191e-31	 2.801191e-31	 1.000000e+01	 1.000000e+01	 1.000000e+01	 2.801191e-31	 2.801191e-31	 0	 0	[cm^6/s]
c_p_auger :	 1.117236e-29	 1.117236e-29	 1.000000e+01	 1.000000e+01	 1.000000e+01	 1.117236e-29	 1.117236e-29	 0	 0	[cm^6/s]
absorption grading :	 1107.12	 1107.12	  250.00	  250.00	    0.00	 1107.12	 1107.12	 0	 0	[nm]
absorptionmodel pure A material (y=0) : from file
absorptionfile pure A material (y=0) : Si.abs
absorption pure B material (y=1), model : from file
absorption pure B material (y=1), file : Si.abs
