material name : p_Si
v_th_n :	 2.033e+07	 2.033e+07	 1.000e+01	 1.000e+01	 1.000e+01	 2.033e+07	 2.033e+07	 0	 0	[cm/s]
v_th_p :	 1.680e+07	 1.680e+07	 1.000e+01	 1.000e+01	 1.000e+01	 1.680e+07	 1.680e+07	 0	 0	[cm/s]
eps :	    11.900000	    11.900000	    1.000000	    10.000000	    10.000000	    11.900000	    11.900000	 0	 0	[-]
chi :	  4.050000	  4.050000	  0.100000	  1.000000	  1.000000	  4.050000	  4.050000	 0	 0	[eV]
Eg :	  1.115696	  1.115696	  0.100000	  1.000000	  1.000000	  1.115696	  1.115696	 0	 0	[eV]
Nc :	 2.877788e+19	 2.877788e+19	 1.000000e+01	 1.000000e+01	 1.000000e+01	 2.877788e+19	 2.877788e+19	 0	 0	[/cm^3]
Nv :	 2.602072e+19	 2.602072e+19	 1.000000e+01	 1.000000e+01	 1.000000e+01	 2.602072e+19	 2.602072e+19	 0	 0	[/cm^3]
mu_n :	 1.085132e+03	 1.085132e+03	 1.000000e-03	 1.000000e+00	 1.000000e+00	 1.085132e+03	 1.085132e+03	 0	 0	[cm^2/Vs]
mu_p :	 3.744356e+02	 3.744356e+02	 1.000000e-03	 1.000000e+00	 1.000000e+00	 3.744356e+02	 3.744356e+02	 0	 0	[cm^2/Vs]
Nd(uniform) :	 0.000000e+00	 0.000000e+00	 1.000000e+01	 1.000000e+01	 1.000000e+01	 0.000000e+00	 0.000000e+00	 0	 2	[/cm^3]
Na(uniform) :	 1.000000e+15	 1.000000e+15	 1.000000e+01	 1.000000e+01	 1.000000e+01	 1.000000e+15	 1.000000e+15	 0	 2	[/cm^3]
Tunneling in layer: 1 (0: no tunneling, 1: with tunneling)
Relative electron mass :	 3.616487e-01	 3.616487e-01	 1.000000e+00	 1.000000e+00	 1.000000e+00	 3.616487e-01	 3.616487e-01	 0	 0	[-]
Relative hole mass :	 8.205173e-01	 8.205173e-01	 1.000000e+00	 1.000000e+00	 1.000000e+00	 8.205173e-01	 8.205173e-01	 0	 0	[-]
K_rad :	 4.542759e-15	 4.542759e-15	 1.000000e+01	 1.000000e+01	 1.000000e+01	 4.542759e-15	 4.542759e-15	 0	 0	[cm^3/s]
c_n_auger :	 1.091813e-29	 1.091813e-29	 1.000000e+01	 1.000000e+01	 1.000000e+01	 1.091813e-29	 1.091813e-29	 0	 0	[cm^6/s]
c_p_auger :	 8.169457e-30	 8.169457e-30	 1.000000e+01	 1.000000e+01	 1.000000e+01	 8.169457e-30	 8.169457e-30	 0	 0	[cm^6/s]
absorption grading :	 1107.12	 1107.12	  250.00	  250.00	    0.00	 1107.12	 1107.12	 0	 0	[nm]
absorptionmodel pure A material (y=0) : from file
absorptionfile pure A material (y=0) : Si.abs
absorption pure B material (y=1), model : from file
absorption pure B material (y=1), file : Si.abs
